DATA,2015-10-13,13:43:07,1444765387,0,0,40.5744542183,105.08352249,1534.2,6,1.6,-20.9,0.102889,87.58,-0.1,-0.35,0.02,349.72,30.48,2.4219,2.4206,2.4225,2.4231,0,0.0787289,2.00775,28.9103,84.9884,62.3158,0,0.00015668,7.83392e-05,0.000117511,7.83392e-05,241
DATA,2015-10-13,13:43:07,1444765387,100000000,0,40.5744542317,105.08352252,1534.2,6,1.6,-20.9,0.0874556,230.81,0.3,-0.18,-0.19,349.77,30.57,2.4212,2.4212,2.4225,2.4231,0,0.0787035,2.00747,28.9491,84.9884,62.3248,0,0.000117509,3.91702e-05,7.83392e-05,3.9169e-05,254
DATA,2015-10-13,13:43:07,1444765387,200000000,0,40.5744542917,105.083522645,1534.2,6,1.6,-20.9,0.0874556,230.81,0.26,0.1,-0.29,349.81,30.64,2.4219,2.4212,2.4219,2.4231,0,0.0786572,2.00634,28.9551,84.9902,62.2789,0,7.83392e-05,-3.91727e-05,-3.678e-09,3.91678e-05,129
DATA,2015-10-13,13:43:07,1444765387,300000000,0,40.5744543617,105.083522655,1534.2,6,1.6,-20.9,0.0874556,230.81,0.17,0.19,-0.13,349.65,30.36,2.4212,2.4212,2.4219,2.4231,0,0.0786481,2.00601,28.9448,84.989,62.325,0,3.9169e-05,-3.91702e-05,-3.91714e-05,3.9169e-05,045
DATA,2015-10-13,13:43:07,1444765387,400000000,0,40.5744544117,105.083522653,1534.2,6,1.6,-20.9,0.0874556,230.81,-0.1,0.28,-0.03,349.35,29.84,2.4212,2.4206,2.4219,2.4231,0,0.0787674,2.00866,28.9034,84.9896,62.3736,0,0.000117511,0.000117511,3.9169e-05,0.000117511,182
DATA,2015-10-13,13:43:07,1444765387,500000000,0,40.5744544183,105.083522732,1534.2,6,1.6,-20.9,0.0874556,230.81,-0.21,0.28,-0.01,349.29,29.73,2.4212,2.4206,2.4219,2.4231,0,0.0788606,2.01086,28.8847,84.9884,62.389,0,3.91702e-05,0,3.91702e-05,0,068
DATA,2015-10-13,13:43:07,1444765387,600000000,0,40.5744544283,105.08352278,1534.2,6,1.6,-20.9,0.0874556,230.81,-0.26,0.17,-0.13,349.29,29.73,2.4219,2.4206,2.4219,2.4231,0,0.0787347,2.00746,28.8649,84.989,62.3604,0,7.83404e-05,7.83404e-05,7.83404e-05,7.83404e-05,133
DATA,2015-10-13,13:43:07,1444765387,700000000,0,40.574454465,105.083522898,1534.2,6,1.6,-20.9,0.0874556,230.81,-0.23,0.27,-0.07,349.37,29.87,2.4212,2.4206,2.4219,2.4231,0,0.0788638,2.01086,28.8768,84.9896,62.3695,0,7.83404e-05,0,-1.226e-09,7.83404e-05,099
DATA,2015-10-13,13:43:07,1444765387,800000000,0,40.5744544283,105.08352282,1534.2,6,1.6,-20.9,0.0874556,230.81,0.01,0.28,-0.01,349.33,29.8,2.4219,2.4212,2.4219,2.4231,0,0.0787359,2.00769,28.8873,84.9908,62.375,0,3.91702e-05,0,0,-3.91714e-05,230
DATA,2015-10-13,13:43:07,1444765387,900000000,0,40.5744545033,105.083522947,1534.2,6,1.6,-20.9,0.0874556,230.81,0.02,0.29,0,349.38,29.89,2.4219,2.4212,2.4219,2.4231,0,0.0786918,2.0068,28.911,84.989,62.3503,0,7.83404e-05,3.91702e-05,3.91702e-05,7.83404e-05,082
DATA,2015-10-13,13:43:08,1444765388,0,0,40.5744545267,105.083522968,1534.2,6,1.6,-20.9,0.0874556,230.81,-0.05,0.18,0.04,349.41,29.94,2.4212,2.4212,2.4219,2.4231,0,0.0787338,2.00801,28.9241,84.9879,62.3635,0,0.000117511,3.91702e-05,0.000117511,0.000117511,097
DATA,2015-10-13,13:43:08,1444765388,100000000,0,40.5744545333,105.083523012,1534.2,6,1.6,-20.9,0.118322,132.14,-0.14,0.13,-0.06,349.5,30.1,2.4212,2.4206,2.4219,2.4231,0,0.0784724,2.00115,28.9042,84.9873,62.3603,0,0.000117509,3.9169e-05,3.91702e-05,7.83404e-05,134
DATA,2015-10-13,13:43:08,1444765388,200000000,0,40.5744545817,105.083523045,1534.2,6,1.6,-20.9,0.118322,132.14,-0.19,-0.03,-0.02,349.65,30.36,2.4219,2.4212,2.4219,2.4231,0,0.0783899,1.99934,28.9359,84.989,62.3291,0,3.91702e-05,0,-1.226e-09,3.91702e-05,045
DATA,2015-10-13,13:43:08,1444765388,300000000,0,40.5744545783,105.083523037,1534.2,6,1.6,-20.9,0.118322,132.14,-0.36,0.13,-0.15,349.68,30.41,2.4212,2.4212,2.4219,2.4231,0,0.0784324,2.0006,28.9536,84.9884,62.2827,0,7.83392e-05,3.91702e-05,7.83392e-05,7.83392e-05,092
DATA,2015-10-13,13:43:08,1444765388,400000000,0,40.57445464,105.08352314,1534.2,6,1.6,-20.9,0.118322,132.14,-0.5,0.12,-0.07,349.78,30.58,2.4212,2.4206,2.4219,2.4225,0,0.0785311,2.00339,28.9814,84.9873,62.336,0,7.83404e-05,-3.91714e-05,7.83404e-05,3.9169e-05,130
DATA,2015-10-13,13:43:08,1444765388,500000000,0,40.57445466,105.083523153,1534.3,6,1.6,-20.9,0.118322,132.14,-0.5,0.21,0.05,349.61,30.29,2.4219,2.4212,2.4219,2.4225,0,0.078582,2.0048,28.9928,84.9873,62.3226,0,7.83404e-05,0,7.83404e-05,-1.226e-09,243
DATA,2015-10-13,13:43:08,1444765388,600000000,0,40.5744547,105.083523152,1534.2,6,1.6,-20.9,0.118322,132.14,-0.34,0.13,-0.08,349.61,30.29,2.4219,2.4206,2.4225,2.4231,0,0.0784776,2.00212,28.9919,84.9879,62.3388,0,0.00015668,7.83404e-05,0.000117509,0.00015668,243
DATA,2015-10-13,13:43:08,1444765388,700000000,0,40.5744547183,105.083523208,1534.2,6,1.6,-20.9,0.118322,132.14,-0.43,0.13,-0.19,349.85,30.7,2.4212,2.4206,2.4225,2.4231,0,0.0785178,2.00299,28.976,84.9896,62.3167,0,7.83404e-05,-3.91714e-05,3.9169e-05,3.9169e-05,007
DATA,2015-10-13,13:43:08,1444765388,800000000,0,40.5744547317,105.083523268,1534.3,6,1.6,-20.9,0.118322,132.14,-0.45,0.01,-0.24,350.12,31.17,2.4212,2.4212,2.4219,2.4225,0,0.0785544,2.0036,28.9429,84.9896,62.3215,0,7.83404e-05,3.91702e-05,3.91702e-05,7.83404e-05,066
DATA,2015-10-13,13:43:08,1444765388,900000000,0,40.5744547783,105.083523373,1534.3,6,1.6,-20.9,0.118322,132.14,-0.37,-0.04,-0.05,350.16,31.24,2.4219,2.4212,2.4219,2.4225,0,0.0785035,2.00206,28.9169,84.9896,62.3638,0,7.8338e-05,0,-4.904e-09,3.91665e-05,044
DATA,2015-10-13,13:43:09,1444765389,0,0,40.5744547983,105.083523342,1534.3,6,1.6,-20.9,0.118322,132.14,-0.12,-0.15,-0.22,350.18,31.28,2.4219,2.4206,2.4219,2.4225,0,0.0784971,2.00212,28.9391,84.9879,62.3442,0,3.91702e-05,0,-3.91714e-05,0,252
DATA,2015-10-13,13:43:09,1444765389,100000000,0,40.5744548483,105.083523405,1534.3,6,1.6,-20.9,0.0771667,322.65,-0.38,0.05,-0.33,349.99,30.95,2.4212,2.4212,2.4219,2.4225,0,0.0785519,2.00358,28.9468,84.989,62.3547,0,0.000117511,3.9169e-05,0.000117511,0.000117511,202
DATA,2015-10-13,13:43:09,1444765389,200000000,0,40.5744548767,105.083523415,1534.3,6,1.6,-20.9,0.0771667,322.65,-0.7,0.07,-0.17,349.81,30.64,2.4219,2.4212,2.4219,2.4225,0,0.0786345,2.00581,28.959,84.9867,62.369,0,0.000117509,0.000117509,7.83404e-05,-3.91702e-05,012
DATA,2015-10-13,13:43:09,1444765389,300000000,0,40.574454905,105.083523562,1534.3,6,1.6,-20.9,0.0771667,322.65,-0.42,-0.03,-0.07,349.95,30.88,2.4212,2.4212,2.4219,2.4225,0,0.078678,2.00706,28.9747,84.9896,62.3342,0,7.83392e-05,-2.452e-09,0,3.9169e-05,023
DATA,2015-10-13,13:43:09,1444765389,400000000,0,40.5744549383,105.083523567,1534.3,6,1.6,-20.9,0.0771667,322.65,-0.36,-0.02,-0.05,350.1,31.14,2.4219,2.4206,2.4219,2.4231,0,0.0787869,2.00968,28.9584,84.9902,62.339,0,0.000117511,3.91702e-05,0.000156681,0.000117511,238
DATA,2015-10-13,13:43:09,1444765389,500000000,0,40.5744549683,105.083523598,1534.3,6,1.6,-20.9,0.0771667,322.65,-0.21,0.02,-0.08,350.09,31.12,2.4212,2.4206,2.4219,2.4231,0,0.0786661,2.00662,28.9611,84.9902,62.3272,0,7.8338e-05,-3.91702e-05,0,7.8338e-05,099
DATA,2015-10-13,13:43:09,1444765389,600000000,0,40.574455055,105.083523637,1534.3,6,1.6,-20.9,0.0771667,322.65,-0.17,-0.02,-0.11,350.13,31.19,2.4219,2.4212,2.4219,2.4231,0,0.0787381,2.00861,28.976,84.989,62.3483,0,0.00015668,3.91702e-05,0.000117509,0.000117509,130
DATA,2015-10-13,13:43:09,1444765389,700000000,0,40.57445506,105.08352362,1534.3,6,1.6,-20.9,0.0771667,322.65,-0.24,0.06,-0.09,350.12,31.17,2.4219,2.4212,2.4219,2.4231,0,0.0786213,2.00562,28.9739,84.9873,62.3344,0,0.000117509,3.91702e-05,3.91678e-05,7.83392e-05,249
DATA,2015-10-13,13:43:09,1444765389,800000000,0,40.57445511,105.083523622,1534.3,6,1.6,-20.9,0.0771667,322.65,-0.13,0.14,-0.08,350.14,31.21,2.4212,2.4212,2.4219,2.4231,0,0.0785997,2.00442,28.9079,84.9902,62.3193,0,3.91702e-05,0,0,-1.226e-09,177
DATA,2015-10-13,13:43:09,1444765389,900000000,0,40.5744551517,105.083523733,1534.3,6,1.6,-20.9,0.0771667,322.65,-0.07,0.1,-0.21,350.06,31.07,2.4212,2.4212,2.4219,2.4231,0,0.0787502,2.00772,28.8511,84.989,62.3764,0,7.83392e-05,3.91702e-05,7.83392e-05,0,047
DATA,2015-10-13,13:43:10,1444765390,0,0,40.5744551683,105.083523757,1534.3,6,1.6,-20.9,0.0771667,322.65,-0.18,0.21,-0.06,349.62,30.31,2.4219,2.4206,2.4225,2.4231,0,0.0786587,2.00476,28.786,84.9896,62.3684,0,3.91702e-05,3.91702e-05,3.91702e-05,3.91702e-05,021
DATA,2015-10-13,13:43:10,1444765390,100000000,0,40.5744552117,105.08352378,1534.3,6,1.6,-20.9,0.0205778,184.83,-0.17,0.25,-0.08,349.56,30.2,2.4212,2.4206,2.4225,2.4231,0,0.0786011,2.00296,28.7504,84.9867,62.3532,0,7.8338e-05,-1.226e-09,3.9169e-05,3.91678e-05,185
DATA,2015-10-13,13:43:10,1444765390,200000000,0,40.5744552983,105.083523803,1534.3,6,1.6,-20.9,0.0205778,184.83,-0.32,0.05,0.09,349.57,30.22,2.4219,2.4212,2.4219,2.4231,0,0.0786795,2.00508,28.7638,84.9896,62.3483,0,0.000117508,3.91702e-05,7.83392e-05,3.91702e-05,108
DATA,2015-10-13,13:43:10,1444765390,300000000,0,40.574455365,105.083523842,1534.3,6,1.6,-20.9,0.0205778,184.83,-0.25,-0.02,0,349.65,30.36,2.4212,2.4212,2.4219,2.4231,0,0.0784068,1.9984,28.7926,84.9896,62.3069,0,0.000117509,3.91702e-05,7.83392e-05,0.000117509,108
DATA,2015-10-13,13:43:10,1444765390,400000000,0,40.5744553733,105.083523883,1534.3,6,1.6,-20.9,0.0205778,184.83,-0.11,-0.11,0.02,349.83,30.67,2.4219,2.4212,2.4219,2.4231,0,0.0784604,2.00034,28.8522,84.9884,62.3594,0,0.000117509,7.83392e-05,7.83392e-05,3.9169e-05,095
DATA,2015-10-13,13:43:10,1444765390,500000000,0,40.5744554783,105.083523937,1534.3,6,1.6,-20.9,0.0205778,184.83,-0.09,0.04,-0.08,349.9,30.79,2.4212,2.4206,2.4219,2.4231,0,0.0787287,2.00751,28.8865,84.9902,62.3277,0,0,0,-3.91714e-05,-3.91714e-05,167
